sin(830.0) = 0.9396926207859088
sin(30.0) = 0.49999999999999994